n_sectors: 2
Static_Obs_sector0:
  start: 0
  end: 242
  s_start: 0.0
  s_end: 24.195997587614034
  name: sector_1
  static_obs_section: false
Static_Obs_sector1:
  start: 242
  end: 833
  s_start: 24.195997587614034
  s_end: 83.28622310116732
  name: sector_2
  static_obs_section: false
